0000000000000000000000000000000000000210003
0000000000000000000000001000000200000210003
0000000000000000010000001000002200000210003
0000000000000000110000021000002200000210002
0000000000100000110000021000002200020210003
0001000002100000110000021000002200020210003
0000000000000000000000000000000100000020003
0000000000000000000000000000000100000021024
0000000000000000010000002000000100000021023
0000000000000000010000002000000110200021024
0000000000000000010010002002000110200021026
0000000000100000010010002202000110200021023
0000000000100000011010002202000110200021224
0002000000110000011010002202000110200021224
0002000000110000011010002202001110200221222
0002000000110000011010022202001110201221221
0002200000110000011010022202001110211221220
0002200000110000011010022202021111211221225
0000000000000000000000000000000000020010003
0000000000000000000000000000000100020010203
0000000000000000000000002000000100020110202
0000000000000000000000012000002100020110202
0000000000000000010000012000002100020112203
0000000000000000110000012000002102020112202
0000000000000000110100012020002102020112205
0000000000200000110100012020002112020112204
0000000000202000110100012020102112020112200
0000000002202000110101012020102112020112200
0000000102202020110101012020102112020112200
1020000102202020110101012020102112020112200
1022000102202020110101012020102112021112201
1022000102202020111101012220102112021112204
0000000000000000000000000000000100000020003
0000000000000000000000000000000100000221004
0000000000000000000000000000001100000221202
0000000000000000000000002000001110000221204
0000000000000000000000022000001110001221201
0000000000000000020000022000001110011221200
0000000000000000020000022200101110011221200
0000000000000000020000022200111112011221201
0000000000000000000000000000000100000020003
0000000000000000000000000000000100002120002
0000000000000000000000000000001100022120002
0000000000000000000000010000021100022120002
0000000000000001000000210000021100022120001
0000000000000001200000210000021100022121004
0000000000000000000000000000000100000020003
0000000000000000000000000000000100000221004
0000000000000000000000010000002100000221002
0000000000000000100000012000002100000221002
0000000000000000100000012000002100012221000
0000000001000000120000012000002100012221002
0010000001000000120000012000202100012221002
